0.000000000000000000e+00 1.051945276080761965e-01 0.000000000000000000e+00 2.128577856190393136e-01 0.000000000000000000e+00 3.788045263213097869e-01 4.599486858113140120e-02 0.000000000000000000e+00 1.268860696299940749e-01 3.825600954930877262e-02 0.000000000000000000e+00 0.000000000000000000e+00 0.000000000000000000e+00 0.000000000000000000e+00 1.832164165590442761e-02 0.000000000000000000e+00 1.822492787165919679e-03 0.000000000000000000e+00 1.397635102213860576e-03 0.000000000000000000e+00 0.000000000000000000e+00 0.000000000000000000e+00 0.000000000000000000e+00 0.000000000000000000e+00 7.230289928553247734e-04 1.893019896787626489e-03 0.000000000000000000e+00 0.000000000000000000e+00 3.633682645155454360e-01 1.824872942804166938e-03 2.763651024222387245e-02 1.205756756025098443e-02 1.031147027634567864e-02 0.000000000000000000e+00 8.767084274059346038e-02 1.424818842623034459e-02 9.133679619688180040e-02 3.738231533433443443e-02 9.465254891987139041e-02 4.852717690116837689e-04 1.660707067955240592e-03 1.094932490270918114e-03 1.605304075535838107e-02 0.000000000000000000e+00 6.757783362088723433e-03 0.000000000000000000e+00 0.000000000000000000e+00 0.000000000000000000e+00 0.000000000000000000e+00 0.000000000000000000e+00 0.000000000000000000e+00 0.000000000000000000e+00 0.000000000000000000e+00 0.000000000000000000e+00 0.000000000000000000e+00 0.000000000000000000e+00 0.000000000000000000e+00 0.000000000000000000e+00 0.000000000000000000e+00 0.000000000000000000e+00 0.000000000000000000e+00 0.000000000000000000e+00 0.000000000000000000e+00 0.000000000000000000e+00 0.000000000000000000e+00 0.000000000000000000e+00 0.000000000000000000e+00 0.000000000000000000e+00 0.000000000000000000e+00 0.000000000000000000e+00 0.000000000000000000e+00 0.000000000000000000e+00 0.000000000000000000e+00 0.000000000000000000e+00 0.000000000000000000e+00 0.000000000000000000e+00 0.000000000000000000e+00 0.000000000000000000e+00 0.000000000000000000e+00 0.000000000000000000e+00 9.571451113377687364e-03 0.000000000000000000e+00 0.000000000000000000e+00 0.000000000000000000e+00 0.000000000000000000e+00 0.000000000000000000e+00 0.000000000000000000e+00 0.000000000000000000e+00 1.131819677168992158e-03 0.000000000000000000e+00
1.051945276080761965e-01 0.000000000000000000e+00 1.212858651748772859e-01 4.684549017926118442e-01 6.139664586111984873e-02 9.980608755716409430e-02 6.770751825084424247e-02 2.088770382608313297e-02 2.441224056069074902e-02 2.941941999556377807e-01 3.582887142106617583e-04 3.760349082594803272e-01 1.330657176481298866e-02 7.480069819349705702e-04 5.121442401225759916e-02 1.773945646198446871e-02 4.052107259941741847e-03 0.000000000000000000e+00 1.264401442426308980e-03 0.000000000000000000e+00 0.000000000000000000e+00 0.000000000000000000e+00 0.000000000000000000e+00 8.465443353003865952e-04 0.000000000000000000e+00 9.787512682740628304e-04 2.979521218684522046e-03 0.000000000000000000e+00 9.894238615821872307e-04 7.592835210467024486e-04 0.000000000000000000e+00 0.000000000000000000e+00 3.902877709103511929e-04 0.000000000000000000e+00 8.711432535880463124e-03 5.825168764159421864e-02 2.232224596450623211e-01 1.243976085131454079e-01 9.298166485214046095e-02 0.000000000000000000e+00 4.344052789680572717e-04 6.687789341244691765e-03 3.634676353073703725e-04 8.501944289128639644e-04 0.000000000000000000e+00 0.000000000000000000e+00 0.000000000000000000e+00 0.000000000000000000e+00 0.000000000000000000e+00 0.000000000000000000e+00 0.000000000000000000e+00 4.770403903404864254e-03 1.716018928247732729e-03 2.145240691188065631e-03 1.076255714916855323e-02 0.000000000000000000e+00 0.000000000000000000e+00 0.000000000000000000e+00 0.000000000000000000e+00 0.000000000000000000e+00 0.000000000000000000e+00 0.000000000000000000e+00 0.000000000000000000e+00 0.000000000000000000e+00 0.000000000000000000e+00 0.000000000000000000e+00 0.000000000000000000e+00 0.000000000000000000e+00 0.000000000000000000e+00 0.000000000000000000e+00 0.000000000000000000e+00 0.000000000000000000e+00 0.000000000000000000e+00 1.103081997134999943e-02 2.724999849704689767e-02 0.000000000000000000e+00 0.000000000000000000e+00 3.815195610134258612e-03 8.872192635045496323e-02 0.000000000000000000e+00 6.269658277380057987e-02 0.000000000000000000e+00 0.000000000000000000e+00 8.028234767086209634e-04 1.962680140607620666e-03 3.908439312466731839e-04 5.117473191182882880e-03 1.000316859087394547e-03 4.751507778019912337e-02 0.000000000000000000e+00
0.000000000000000000e+00 1.212858651748772859e-01 0.000000000000000000e+00 2.253388882623601208e-02 6.391962293192874345e-01 0.000000000000000000e+00 0.000000000000000000e+00 3.115236461512435606e-01 0.000000000000000000e+00 0.000000000000000000e+00 1.501196375483812850e-01 5.647788524118949050e-02 2.114522534043496438e-01 4.365693736383652324e-01 6.475766581976687142e-02 1.298747447440805856e-02 0.000000000000000000e+00 0.000000000000000000e+00 2.598397062992378881e-02 1.653739261985855136e-02 1.980449216380111149e-02 2.340902281414064968e-03 0.000000000000000000e+00 1.824536992169821167e-02 0.000000000000000000e+00 1.072744193185190542e-02 1.376137401404199136e-02 8.390773260835608996e-03 0.000000000000000000e+00 0.000000000000000000e+00 0.000000000000000000e+00 0.000000000000000000e+00 0.000000000000000000e+00 0.000000000000000000e+00 0.000000000000000000e+00 1.362682151634381222e-01 1.923293458066800410e-01 7.204957063682769502e-02 2.642490268711652351e-02 0.000000000000000000e+00 0.000000000000000000e+00 7.424502567715163259e-02 1.594171913653508882e-02 4.647231337330205020e-02 8.531042564429845709e-03 0.000000000000000000e+00 0.000000000000000000e+00 0.000000000000000000e+00 0.000000000000000000e+00 0.000000000000000000e+00 0.000000000000000000e+00 0.000000000000000000e+00 0.000000000000000000e+00 0.000000000000000000e+00 1.426806893640882382e-02 0.000000000000000000e+00 0.000000000000000000e+00 0.000000000000000000e+00 0.000000000000000000e+00 0.000000000000000000e+00 0.000000000000000000e+00 0.000000000000000000e+00 0.000000000000000000e+00 0.000000000000000000e+00 0.000000000000000000e+00 0.000000000000000000e+00 0.000000000000000000e+00 0.000000000000000000e+00 0.000000000000000000e+00 0.000000000000000000e+00 0.000000000000000000e+00 0.000000000000000000e+00 0.000000000000000000e+00 0.000000000000000000e+00 1.059868779661581918e-02 0.000000000000000000e+00 3.084129610689063591e-02 6.033548936114409289e-02 3.055646939829266204e-02 2.762411500111142462e-02 0.000000000000000000e+00 0.000000000000000000e+00 0.000000000000000000e+00 0.000000000000000000e+00 0.000000000000000000e+00 1.612434846384253094e-03 0.000000000000000000e+00 2.816422525074038438e-02 1.702638441085238888e-02 0.000000000000000000e+00
2.128577856190393136e-01 4.684549017926118442e-01 2.253388882623601208e-02 0.000000000000000000e+00 1.132816023428684787e-01 2.111638884571329366e-01 3.060286216696309070e-01 1.492976067691729504e-02 1.920427622758601530e-02 4.302563874730010347e-03 0.000000000000000000e+00 1.035290206968804416e-02 0.000000000000000000e+00 0.000000000000000000e+00 3.335401579518454396e-02 0.000000000000000000e+00 0.000000000000000000e+00 0.000000000000000000e+00 0.000000000000000000e+00 0.000000000000000000e+00 0.000000000000000000e+00 0.000000000000000000e+00 0.000000000000000000e+00 0.000000000000000000e+00 0.000000000000000000e+00 0.000000000000000000e+00 0.000000000000000000e+00 0.000000000000000000e+00 3.044705735241427184e-03 0.000000000000000000e+00 2.057039601798010386e-03 0.000000000000000000e+00 7.023751661091158114e-04 0.000000000000000000e+00 0.000000000000000000e+00 2.492749119024846582e-02 5.878847865063004802e-02 2.746193748383443309e-02 1.684987189224931847e-02 0.000000000000000000e+00 0.000000000000000000e+00 3.282109778395684782e-03 2.531176039487203436e-03 0.000000000000000000e+00 0.000000000000000000e+00 0.000000000000000000e+00 0.000000000000000000e+00 0.000000000000000000e+00 0.000000000000000000e+00 0.000000000000000000e+00 0.000000000000000000e+00 0.000000000000000000e+00 0.000000000000000000e+00 0.000000000000000000e+00 3.509562181503753466e-04 0.000000000000000000e+00 0.000000000000000000e+00 0.000000000000000000e+00 0.000000000000000000e+00 0.000000000000000000e+00 0.000000000000000000e+00 0.000000000000000000e+00 0.000000000000000000e+00 0.000000000000000000e+00 0.000000000000000000e+00 0.000000000000000000e+00 0.000000000000000000e+00 0.000000000000000000e+00 0.000000000000000000e+00 0.000000000000000000e+00 0.000000000000000000e+00 0.000000000000000000e+00 0.000000000000000000e+00 0.000000000000000000e+00 1.107435231191101132e-03 0.000000000000000000e+00 0.000000000000000000e+00 0.000000000000000000e+00 1.298156602004692586e-02 0.000000000000000000e+00 2.904596092357971272e-03 0.000000000000000000e+00 0.000000000000000000e+00 3.822429668984983638e-04 0.000000000000000000e+00 0.000000000000000000e+00 2.659202556935219564e-03 0.000000000000000000e+00 8.170354180996554014e-03 0.000000000000000000e+00
0.000000000000000000e+00 6.139664586111984873e-02 6.391962293192874345e-01 1.132816023428684787e-01 0.000000000000000000e+00 1.711827401354123297e-03 6.271592049781379852e-02 5.393603615809049456e-01 3.770104028111280915e-04 0.000000000000000000e+00 5.223731484754715222e-04 6.635489763706496104e-03 0.000000000000000000e+00 3.268121890694135768e-03 3.812448432754204225e-02 0.000000000000000000e+00 0.000000000000000000e+00 0.000000000000000000e+00 1.268816940301296763e-02 0.000000000000000000e+00 2.616373640880341380e-03 1.404741129390792067e-03 0.000000000000000000e+00 7.877200074360426671e-03 0.000000000000000000e+00 6.672252679210646971e-03 6.154586087766717589e-03 2.474419911104889288e-03 0.000000000000000000e+00 0.000000000000000000e+00 0.000000000000000000e+00 8.397911372197657117e-04 3.901415044233946458e-04 0.000000000000000000e+00 0.000000000000000000e+00 9.416814863174748085e-02 1.702788377277406340e-01 6.783498062916755444e-02 5.051906436127352740e-02 0.000000000000000000e+00 0.000000000000000000e+00 2.710620695991750387e-02 9.717823426761779126e-03 7.996902527015188611e-03 4.012913707178454581e-03 0.000000000000000000e+00 0.000000000000000000e+00 0.000000000000000000e+00 0.000000000000000000e+00 0.000000000000000000e+00 0.000000000000000000e+00 0.000000000000000000e+00 0.000000000000000000e+00 0.000000000000000000e+00 3.065279058651348715e-03 0.000000000000000000e+00 0.000000000000000000e+00 0.000000000000000000e+00 0.000000000000000000e+00 0.000000000000000000e+00 0.000000000000000000e+00 0.000000000000000000e+00 0.000000000000000000e+00 0.000000000000000000e+00 0.000000000000000000e+00 0.000000000000000000e+00 0.000000000000000000e+00 0.000000000000000000e+00 0.000000000000000000e+00 0.000000000000000000e+00 0.000000000000000000e+00 0.000000000000000000e+00 0.000000000000000000e+00 0.000000000000000000e+00 3.516498517713552647e-04 0.000000000000000000e+00 0.000000000000000000e+00 1.063606025612486884e-03 7.796352502326468932e-03 0.000000000000000000e+00 0.000000000000000000e+00 0.000000000000000000e+00 0.000000000000000000e+00 0.000000000000000000e+00 0.000000000000000000e+00 9.570191270619739319e-04 4.073178023594432938e-04 1.203766074584874729e-03 6.783951284689098554e-03 0.000000000000000000e+00
3.788045263213097869e-01 9.980608755716409430e-02 0.000000000000000000e+00 2.111638884571329366e-01 1.711827401354123297e-03 0.000000000000000000e+00 4.958206342744898576e-01 8.961031111082895864e-03 3.498458837320103654e-01 4.215233633699242560e-02 0.000000000000000000e+00 2.193018002139796724e-02 0.000000000000000000e+00 0.000000000000000000e+00 2.790035880039631877e-01 3.850386313642325782e-04 1.372447577573742685e-03 0.000000000000000000e+00 0.000000000000000000e+00 0.000000000000000000e+00 0.000000000000000000e+00 0.000000000000000000e+00 0.000000000000000000e+00 0.000000000000000000e+00 0.000000000000000000e+00 1.558169989991661439e-03 0.000000000000000000e+00 0.000000000000000000e+00 3.608859625003299487e-02 0.000000000000000000e+00 9.036044643027091663e-03 2.105548365436949246e-02 4.730542781936420901e-03 0.000000000000000000e+00 0.000000000000000000e+00 1.461578399767349962e-02 3.197301904550463314e-02 3.862910311113609699e-04 4.693292987102014660e-03 0.000000000000000000e+00 2.226643255031327331e-02 5.325896315792540137e-02 3.266457272872880235e-02 0.000000000000000000e+00 9.509865342747232664e-03 0.000000000000000000e+00 0.000000000000000000e+00 0.000000000000000000e+00 0.000000000000000000e+00 0.000000000000000000e+00 0.000000000000000000e+00 0.000000000000000000e+00 0.000000000000000000e+00 0.000000000000000000e+00 0.000000000000000000e+00 0.000000000000000000e+00 0.000000000000000000e+00 0.000000000000000000e+00 0.000000000000000000e+00 0.000000000000000000e+00 0.000000000000000000e+00 0.000000000000000000e+00 0.000000000000000000e+00 0.000000000000000000e+00 0.000000000000000000e+00 0.000000000000000000e+00 0.000000000000000000e+00 0.000000000000000000e+00 0.000000000000000000e+00 0.000000000000000000e+00 0.000000000000000000e+00 0.000000000000000000e+00 0.000000000000000000e+00 0.000000000000000000e+00 0.000000000000000000e+00 0.000000000000000000e+00 0.000000000000000000e+00 0.000000000000000000e+00 7.798631985972458505e-04 0.000000000000000000e+00 1.982185556798461094e-03 0.000000000000000000e+00 0.000000000000000000e+00 0.000000000000000000e+00 0.000000000000000000e+00 0.000000000000000000e+00 0.000000000000000000e+00 0.000000000000000000e+00 2.981720606339884321e-03 0.000000000000000000e+00
4.599486858113140120e-02 6.770751825084424247e-02 0.000000000000000000e+00 3.060286216696309070e-01 6.271592049781379852e-02 4.958206342744898576e-01 0.000000000000000000e+00 2.753878033881659859e-01 2.448165537493911942e-02 5.173441674541174630e-03 0.000000000000000000e+00 2.040530551213710908e-02 0.000000000000000000e+00 0.000000000000000000e+00 3.377025588647853405e-01 8.846630770761393587e-04 3.555323745266696978e-04 0.000000000000000000e+00 5.636065289053060782e-04 0.000000000000000000e+00 0.000000000000000000e+00 4.989841812671105391e-04 0.000000000000000000e+00 0.000000000000000000e+00 0.000000000000000000e+00 2.781455530096422005e-03 3.715124550517513832e-04 0.000000000000000000e+00 3.441181568293619382e-03 0.000000000000000000e+00 2.531975141210204665e-03 1.141714936664346702e-02 2.011690580441692112e-03 0.000000000000000000e+00 0.000000000000000000e+00 2.954202413523332807e-02 1.036092562264522149e-01 2.558325574745041672e-02 2.309326282811800454e-02 0.000000000000000000e+00 1.346313179562143303e-02 1.489938886087745218e-02 2.180101945027785801e-02 2.151490611018113536e-03 5.045445049992999288e-03 0.000000000000000000e+00 0.000000000000000000e+00 0.000000000000000000e+00 0.000000000000000000e+00 0.000000000000000000e+00 0.000000000000000000e+00 0.000000000000000000e+00 0.000000000000000000e+00 0.000000000000000000e+00 0.000000000000000000e+00 0.000000000000000000e+00 0.000000000000000000e+00 0.000000000000000000e+00 0.000000000000000000e+00 0.000000000000000000e+00 0.000000000000000000e+00 0.000000000000000000e+00 0.000000000000000000e+00 0.000000000000000000e+00 0.000000000000000000e+00 0.000000000000000000e+00 0.000000000000000000e+00 0.000000000000000000e+00 0.000000000000000000e+00 0.000000000000000000e+00 0.000000000000000000e+00 0.000000000000000000e+00 0.000000000000000000e+00 0.000000000000000000e+00 0.000000000000000000e+00 0.000000000000000000e+00 0.000000000000000000e+00 0.000000000000000000e+00 1.347334868996422508e-03 0.000000000000000000e+00 0.000000000000000000e+00 0.000000000000000000e+00 0.000000000000000000e+00 0.000000000000000000e+00 0.000000000000000000e+00 0.000000000000000000e+00 8.472192863041091851e-04 0.000000000000000000e+00 1.163527044597760301e-03 0.000000000000000000e+00
0.000000000000000000e+00 2.088770382608313297e-02 3.115236461512435606e-01 1.492976067691729504e-02 5.393603615809049456e-01 8.961031111082895864e-03 2.753878033881659859e-01 0.000000000000000000e+00 2.936396565991203963e-03 0.000000000000000000e+00 7.027455488701565833e-02 8.176682660378725015e-03 7.177251216502224078e-03 5.936217142409021263e-02 3.806716754908543443e-01 1.172813128824205407e-03 0.000000000000000000e+00 0.000000000000000000e+00 1.174227142577315836e-02 3.104521246832942297e-02 9.517106801561548909e-03 6.700935833342210653e-04 0.000000000000000000e+00 6.095809487272251838e-03 0.000000000000000000e+00 9.678161017178473283e-03 6.418988692555908059e-03 2.119920548415336111e-03 0.000000000000000000e+00 0.000000000000000000e+00 0.000000000000000000e+00 9.345893750075188458e-04 0.000000000000000000e+00 0.000000000000000000e+00 0.000000000000000000e+00 6.337876481465018474e-02 1.983699264091182135e-01 6.811673735640726146e-02 4.973816851816045131e-02 4.250916829273341494e-04 2.737970941571643297e-03 2.995103365916855220e-01 1.593542329935611346e-02 3.463258539706038502e-02 3.707811648290771419e-03 0.000000000000000000e+00 0.000000000000000000e+00 0.000000000000000000e+00 0.000000000000000000e+00 0.000000000000000000e+00 0.000000000000000000e+00 0.000000000000000000e+00 0.000000000000000000e+00 0.000000000000000000e+00 0.000000000000000000e+00 0.000000000000000000e+00 0.000000000000000000e+00 0.000000000000000000e+00 0.000000000000000000e+00 0.000000000000000000e+00 0.000000000000000000e+00 0.000000000000000000e+00 0.000000000000000000e+00 0.000000000000000000e+00 0.000000000000000000e+00 0.000000000000000000e+00 0.000000000000000000e+00 0.000000000000000000e+00 0.000000000000000000e+00 0.000000000000000000e+00 0.000000000000000000e+00 0.000000000000000000e+00 0.000000000000000000e+00 0.000000000000000000e+00 4.418651975042824044e-04 0.000000000000000000e+00 8.957637281766419723e-04 1.157936175280742212e-03 8.949165403923330358e-04 3.095575987135217467e-03 0.000000000000000000e+00 0.000000000000000000e+00 0.000000000000000000e+00 0.000000000000000000e+00 0.000000000000000000e+00 0.000000000000000000e+00 0.000000000000000000e+00 1.110995839886920900e-03 7.925933911426704098e-04 0.000000000000000000e+00
1.268860696299940749e-01 2.441224056069074902e-02 0.000000000000000000e+00 1.920427622758601530e-02 3.770104028111280915e-04 3.498458837320103654e-01 2.448165537493911942e-02 2.936396565991203963e-03 0.000000000000000000e+00 1.031787305142331350e-02 0.000000000000000000e+00 4.450721799077199305e-04 0.000000000000000000e+00 0.000000000000000000e+00 5.710188468874575207e-01 0.000000000000000000e+00 0.000000000000000000e+00 0.000000000000000000e+00 0.000000000000000000e+00 0.000000000000000000e+00 0.000000000000000000e+00 0.000000000000000000e+00 0.000000000000000000e+00 0.000000000000000000e+00 3.698552296683549063e-04 2.168925426267257102e-03 0.000000000000000000e+00 3.745306139996035818e-04 2.795638785126448034e-01 1.893324814728151529e-03 2.290866230676463083e-02 1.860678358857547343e-01 4.100580615713593220e-04 4.173967850119062275e-04 0.000000000000000000e+00 3.607784578672201250e-04 7.566529846560066108e-02 0.000000000000000000e+00 1.573101658196132723e-03 5.821564424205531996e-01 4.624366827875008856e-01 9.308761360254529105e-02 3.532203672691378721e-02 0.000000000000000000e+00 8.467767675251683737e-03 0.000000000000000000e+00 0.000000000000000000e+00 0.000000000000000000e+00 0.000000000000000000e+00 0.000000000000000000e+00 0.000000000000000000e+00 0.000000000000000000e+00 0.000000000000000000e+00 0.000000000000000000e+00 0.000000000000000000e+00 0.000000000000000000e+00 0.000000000000000000e+00 0.000000000000000000e+00 0.000000000000000000e+00 0.000000000000000000e+00 0.000000000000000000e+00 0.000000000000000000e+00 0.000000000000000000e+00 0.000000000000000000e+00 0.000000000000000000e+00 0.000000000000000000e+00 0.000000000000000000e+00 0.000000000000000000e+00 0.000000000000000000e+00 0.000000000000000000e+00 0.000000000000000000e+00 0.000000000000000000e+00 0.000000000000000000e+00 0.000000000000000000e+00 0.000000000000000000e+00 0.000000000000000000e+00 0.000000000000000000e+00 0.000000000000000000e+00 0.000000000000000000e+00 0.000000000000000000e+00 0.000000000000000000e+00 0.000000000000000000e+00 0.000000000000000000e+00 0.000000000000000000e+00 0.000000000000000000e+00 0.000000000000000000e+00 0.000000000000000000e+00 0.000000000000000000e+00 0.000000000000000000e+00 0.000000000000000000e+00
3.825600954930877262e-02 2.941941999556377807e-01 0.000000000000000000e+00 4.302563874730010347e-03 0.000000000000000000e+00 4.215233633699242560e-02 5.173441674541174630e-03 0.000000000000000000e+00 1.031787305142331350e-02 0.000000000000000000e+00 0.000000000000000000e+00 1.438059442410525302e-01 0.000000000000000000e+00 0.000000000000000000e+00 1.076610166515594436e-02 4.446441953525601121e-02 3.365362848299535692e-01 0.000000000000000000e+00 0.000000000000000000e+00 0.000000000000000000e+00 0.000000000000000000e+00 0.000000000000000000e+00 0.000000000000000000e+00 0.000000000000000000e+00 0.000000000000000000e+00 0.000000000000000000e+00 0.000000000000000000e+00 0.000000000000000000e+00 3.718789494225993152e-04 8.731264291811168627e-04 0.000000000000000000e+00 0.000000000000000000e+00 0.000000000000000000e+00 3.297951312131357574e-03 2.172070132290020994e-01 2.393473260854799001e-02 7.013676547407397821e-02 2.371362256872580968e-02 7.532140735957920663e-02 0.000000000000000000e+00 0.000000000000000000e+00 4.467609700129335682e-04 0.000000000000000000e+00 0.000000000000000000e+00 0.000000000000000000e+00 0.000000000000000000e+00 0.000000000000000000e+00 0.000000000000000000e+00 0.000000000000000000e+00 0.000000000000000000e+00 0.000000000000000000e+00 5.831115051220920296e-03 9.964989663429461592e-04 3.148860525197309541e-03 1.459494325217827911e-02 1.275673666265644823e-03 0.000000000000000000e+00 0.000000000000000000e+00 0.000000000000000000e+00 0.000000000000000000e+00 0.000000000000000000e+00 0.000000000000000000e+00 0.000000000000000000e+00 0.000000000000000000e+00 0.000000000000000000e+00 0.000000000000000000e+00 0.000000000000000000e+00 0.000000000000000000e+00 0.000000000000000000e+00 0.000000000000000000e+00 0.000000000000000000e+00 0.000000000000000000e+00 0.000000000000000000e+00 9.163312620194069558e-02 1.570997172065960110e-02 0.000000000000000000e+00 0.000000000000000000e+00 0.000000000000000000e+00 4.460177992123835061e-02 0.000000000000000000e+00 4.364175083487589202e-01 0.000000000000000000e+00 0.000000000000000000e+00 0.000000000000000000e+00 3.327907051889989008e-03 0.000000000000000000e+00 2.942997983253480519e-03 0.000000000000000000e+00 1.096067764380127124e-01 4.050658888094226147e-03
0.000000000000000000e+00 3.582887142106617583e-04 1.501196375483812850e-01 0.000000000000000000e+00 5.223731484754715222e-04 0.000000000000000000e+00 0.000000000000000000e+00 7.027455488701565833e-02 0.000000000000000000e+00 0.000000000000000000e+00 0.000000000000000000e+00 1.261253706941573710e-02 1.756778607491828181e-01 4.430548726561684414e-01 3.672873510096905103e-02 2.406630362857538341e-01 1.361155389644434300e-03 0.000000000000000000e+00 2.292303285073506863e-02 5.339450948512901307e-02 1.564277583818042272e-01 1.994452912925858464e-03 0.000000000000000000e+00 7.710658347689045532e-03 0.000000000000000000e+00 3.781007134157284098e-03 3.657556494013496952e-03 6.796474261782099735e-03 0.000000000000000000e+00 0.000000000000000000e+00 0.000000000000000000e+00 0.000000000000000000e+00 0.000000000000000000e+00 0.000000000000000000e+00 0.000000000000000000e+00 2.978565125710353478e-01 3.541085736006181761e-02 4.126164593965119692e-04 0.000000000000000000e+00 0.000000000000000000e+00 0.000000000000000000e+00 8.054493627440258152e-02 1.579727740780039608e-02 5.146888932508877912e-02 1.145645776438999897e-02 0.000000000000000000e+00 0.000000000000000000e+00 0.000000000000000000e+00 0.000000000000000000e+00 0.000000000000000000e+00 0.000000000000000000e+00 0.000000000000000000e+00 0.000000000000000000e+00 0.000000000000000000e+00 2.588916729580634929e-02 0.000000000000000000e+00 0.000000000000000000e+00 0.000000000000000000e+00 0.000000000000000000e+00 0.000000000000000000e+00 0.000000000000000000e+00 0.000000000000000000e+00 0.000000000000000000e+00 0.000000000000000000e+00 0.000000000000000000e+00 0.000000000000000000e+00 0.000000000000000000e+00 0.000000000000000000e+00 0.000000000000000000e+00 0.000000000000000000e+00 0.000000000000000000e+00 0.000000000000000000e+00 0.000000000000000000e+00 0.000000000000000000e+00 5.525201073269062763e-02 0.000000000000000000e+00 9.185594548452996611e-02 1.132441894511642538e-01 1.478805240449573670e-02 2.825865908871030840e-01 0.000000000000000000e+00 0.000000000000000000e+00 0.000000000000000000e+00 0.000000000000000000e+00 0.000000000000000000e+00 4.499429050580768734e-04 0.000000000000000000e+00 4.324463120199550925e-02 5.381923940485476218e-03 0.000000000000000000e+00
0.000000000000000000e+00 3.760349082594803272e-01 5.647788524118949050e-02 1.035290206968804416e-02 6.635489763706496104e-03 2.193018002139796724e-02 2.040530551213710908e-02 8.176682660378725015e-03 4.450721799077199305e-04 1.438059442410525302e-01 1.261253706941573710e-02 0.000000000000000000e+00 1.994038902518627254e-01 1.971465969464900395e-02 1.507618395554936874e-02 4.618245489619043354e-01 1.174538019582689052e-01 2.707392303570615999e-03 4.088537917603943185e-04 0.000000000000000000e+00 0.000000000000000000e+00 0.000000000000000000e+00 0.000000000000000000e+00 4.955488025923942977e-04 0.000000000000000000e+00 3.917035292401241375e-04 1.365483884229763646e-03 0.000000000000000000e+00 0.000000000000000000e+00 0.000000000000000000e+00 0.000000000000000000e+00 0.000000000000000000e+00 0.000000000000000000e+00 1.289699484879768552e-03 0.000000000000000000e+00 6.517798824315050588e-02 1.353997392153955537e-01 8.876515023805374438e-02 4.579672110278051878e-02 0.000000000000000000e+00 0.000000000000000000e+00 2.309786980625606629e-03 0.000000000000000000e+00 4.085421110226181477e-04 0.000000000000000000e+00 0.000000000000000000e+00 0.000000000000000000e+00 0.000000000000000000e+00 0.000000000000000000e+00 0.000000000000000000e+00 0.000000000000000000e+00 1.272066164724601836e-02 9.123550101868996981e-03 1.408947726159791303e-02 2.506767635353259263e-02 0.000000000000000000e+00 0.000000000000000000e+00 0.000000000000000000e+00 0.000000000000000000e+00 0.000000000000000000e+00 0.000000000000000000e+00 0.000000000000000000e+00 0.000000000000000000e+00 0.000000000000000000e+00 0.000000000000000000e+00 0.000000000000000000e+00 0.000000000000000000e+00 0.000000000000000000e+00 0.000000000000000000e+00 0.000000000000000000e+00 0.000000000000000000e+00 0.000000000000000000e+00 0.000000000000000000e+00 7.940969262744222712e-02 1.701427700365949203e-01 0.000000000000000000e+00 5.195825391902083104e-03 4.981896757913831936e-02 3.532569398015814044e-01 1.071291098828383234e-02 1.982025530174617856e-02 0.000000000000000000e+00 0.000000000000000000e+00 4.596175692609325014e-03 3.191286397980331625e-03 5.095150830847126021e-04 1.135544033302566050e-02 1.869285708931363310e-02 1.139846155020659696e-01 0.000000000000000000e+00
0.000000000000000000e+00 1.330657176481298866e-02 2.114522534043496438e-01 0.000000000000000000e+00 0.000000000000000000e+00 0.000000000000000000e+00 0.000000000000000000e+00 7.177251216502224078e-03 0.000000000000000000e+00 0.000000000000000000e+00 1.756778607491828181e-01 1.994038902518627254e-01 0.000000000000000000e+00 4.609977798495610291e-01 8.210870056204706358e-04 3.790053910673573667e-01 6.046149337980921907e-04 0.000000000000000000e+00 1.035588650911292144e-03 0.000000000000000000e+00 1.590054774329270658e-03 0.000000000000000000e+00 0.000000000000000000e+00 4.332178377243731159e-04 0.000000000000000000e+00 0.000000000000000000e+00 5.233190893967092821e-04 0.000000000000000000e+00 0.000000000000000000e+00 0.000000000000000000e+00 0.000000000000000000e+00 0.000000000000000000e+00 0.000000000000000000e+00 0.000000000000000000e+00 0.000000000000000000e+00 8.860048250168660322e-02 3.310954790657827385e-02 1.620701881693130050e-02 1.756981715906900292e-03 0.000000000000000000e+00 0.000000000000000000e+00 2.955947380005769908e-03 0.000000000000000000e+00 2.369211929521885217e-03 3.495618047322382807e-04 0.000000000000000000e+00 0.000000000000000000e+00 0.000000000000000000e+00 0.000000000000000000e+00 0.000000000000000000e+00 0.000000000000000000e+00 0.000000000000000000e+00 0.000000000000000000e+00 0.000000000000000000e+00 3.798796910390773995e-02 0.000000000000000000e+00 0.000000000000000000e+00 0.000000000000000000e+00 0.000000000000000000e+00 0.000000000000000000e+00 0.000000000000000000e+00 0.000000000000000000e+00 0.000000000000000000e+00 0.000000000000000000e+00 0.000000000000000000e+00 0.000000000000000000e+00 0.000000000000000000e+00 0.000000000000000000e+00 0.000000000000000000e+00 0.000000000000000000e+00 0.000000000000000000e+00 0.000000000000000000e+00 0.000000000000000000e+00 0.000000000000000000e+00 5.397370855699232250e-02 0.000000000000000000e+00 9.638594817865107911e-02 3.681463008573916396e-01 5.423358066860406446e-02 8.414651570975269224e-02 0.000000000000000000e+00 0.000000000000000000e+00 0.000000000000000000e+00 0.000000000000000000e+00 0.000000000000000000e+00 1.863404864605798777e-03 0.000000000000000000e+00 7.289297169098184204e-02 2.644181839790030533e-02 0.000000000000000000e+00
0.000000000000000000e+00 7.480069819349705702e-04 4.365693736383652324e-01 0.000000000000000000e+00 3.268121890694135768e-03 0.000000000000000000e+00 0.000000000000000000e+00 5.936217142409021263e-02 0.000000000000000000e+00 0.000000000000000000e+00 4.430548726561684414e-01 1.971465969464900395e-02 4.609977798495610291e-01 0.000000000000000000e+00 1.357679221636310871e-02 8.026955529830710756e-02 0.000000000000000000e+00 0.000000000000000000e+00 1.107114260320355738e-02 1.213398615275232406e-02 2.132209237602777571e-02 4.081014847646446194e-04 0.000000000000000000e+00 6.160839755737888487e-03 0.000000000000000000e+00 1.469226970077525595e-03 3.038631862123321922e-03 3.630224733239738062e-03 0.000000000000000000e+00 0.000000000000000000e+00 0.000000000000000000e+00 0.000000000000000000e+00 0.000000000000000000e+00 0.000000000000000000e+00 0.000000000000000000e+00 1.609181014375694885e-01 4.888865057981519463e-02 6.234391738884585178e-03 3.653714116422283019e-04 0.000000000000000000e+00 0.000000000000000000e+00 2.797612115044219305e-02 5.120523311784420419e-03 2.662007353515232627e-02 4.648139441829545956e-03 0.000000000000000000e+00 0.000000000000000000e+00 0.000000000000000000e+00 0.000000000000000000e+00 0.000000000000000000e+00 0.000000000000000000e+00 0.000000000000000000e+00 0.000000000000000000e+00 0.000000000000000000e+00 4.520792989605415535e-02 0.000000000000000000e+00 0.000000000000000000e+00 0.000000000000000000e+00 0.000000000000000000e+00 0.000000000000000000e+00 0.000000000000000000e+00 0.000000000000000000e+00 0.000000000000000000e+00 0.000000000000000000e+00 0.000000000000000000e+00 0.000000000000000000e+00 0.000000000000000000e+00 0.000000000000000000e+00 0.000000000000000000e+00 0.000000000000000000e+00 0.000000000000000000e+00 0.000000000000000000e+00 0.000000000000000000e+00 0.000000000000000000e+00 1.671027887779395066e-02 0.000000000000000000e+00 3.520749583743265632e-01 1.192067523172214011e-01 7.858720831411905930e-03 9.400805709258445997e-02 0.000000000000000000e+00 0.000000000000000000e+00 0.000000000000000000e+00 0.000000000000000000e+00 0.000000000000000000e+00 5.464449350058934443e-04 0.000000000000000000e+00 4.699200967121049816e-02 3.323876839000736421e-03 0.000000000000000000e+00
1.832164165590442761e-02 5.121442401225759916e-02 6.475766581976687142e-02 3.335401579518454396e-02 3.812448432754204225e-02 2.790035880039631877e-01 3.377025588647853405e-01 3.806716754908543443e-01 5.710188468874575207e-01 1.076610166515594436e-02 3.672873510096905103e-02 1.507618395554936874e-02 8.210870056204706358e-04 1.357679221636310871e-02 0.000000000000000000e+00 3.495442346679063900e-04 3.613275985919338785e-04 0.000000000000000000e+00 3.936614860268606957e-03 7.161109678691431751e-04 1.374316235685283348e-02 5.051212336661125863e-04 0.000000000000000000e+00 1.167565023390299212e-03 7.614252102714085023e-04 6.731988352342037872e-03 3.669767212372050929e-03 0.000000000000000000e+00 3.744496821007938653e-02 3.882430276376737984e-03 8.396003052541607323e-03 4.603830061237149801e-02 3.030258393965230314e-03 0.000000000000000000e+00 0.000000000000000000e+00 5.610857978441132279e-03 2.620121439724126811e-01 2.543405458248123099e-02 5.127096028390652933e-03 4.058678944717621917e-01 2.134165904498073751e-01 1.956718920132420048e-01 3.531369686678106912e-02 3.404646550135823763e-02 6.652779526745701902e-03 0.000000000000000000e+00 0.000000000000000000e+00 0.000000000000000000e+00 0.000000000000000000e+00 0.000000000000000000e+00 0.000000000000000000e+00 0.000000000000000000e+00 0.000000000000000000e+00 0.000000000000000000e+00 0.000000000000000000e+00 0.000000000000000000e+00 0.000000000000000000e+00 0.000000000000000000e+00 0.000000000000000000e+00 0.000000000000000000e+00 0.000000000000000000e+00 0.000000000000000000e+00 0.000000000000000000e+00 0.000000000000000000e+00 0.000000000000000000e+00 0.000000000000000000e+00 0.000000000000000000e+00 0.000000000000000000e+00 0.000000000000000000e+00 0.000000000000000000e+00 0.000000000000000000e+00 0.000000000000000000e+00 0.000000000000000000e+00 0.000000000000000000e+00 0.000000000000000000e+00 0.000000000000000000e+00 0.000000000000000000e+00 0.000000000000000000e+00 3.794272599237915808e-04 0.000000000000000000e+00 0.000000000000000000e+00 0.000000000000000000e+00 0.000000000000000000e+00 0.000000000000000000e+00 0.000000000000000000e+00 0.000000000000000000e+00 0.000000000000000000e+00 0.000000000000000000e+00 0.000000000000000000e+00 0.000000000000000000e+00
0.000000000000000000e+00 1.773945646198446871e-02 1.298747447440805856e-02 0.000000000000000000e+00 0.000000000000000000e+00 3.850386313642325782e-04 8.846630770761393587e-04 1.172813128824205407e-03 0.000000000000000000e+00 4.446441953525601121e-02 2.406630362857538341e-01 4.618245489619043354e-01 3.790053910673573667e-01 8.026955529830710756e-02 3.495442346679063900e-04 0.000000000000000000e+00 2.314753667689934957e-01 3.573084951903463674e-02 0.000000000000000000e+00 0.000000000000000000e+00 0.000000000000000000e+00 0.000000000000000000e+00 4.544537333759172612e-03 0.000000000000000000e+00 0.000000000000000000e+00 0.000000000000000000e+00 0.000000000000000000e+00 0.000000000000000000e+00 0.000000000000000000e+00 0.000000000000000000e+00 0.000000000000000000e+00 0.000000000000000000e+00 0.000000000000000000e+00 3.375336989404622429e-02 0.000000000000000000e+00 4.519165272258359595e-02 2.047341675681675285e-02 1.396429159378213304e-02 3.645321399960510869e-03 0.000000000000000000e+00 0.000000000000000000e+00 0.000000000000000000e+00 0.000000000000000000e+00 0.000000000000000000e+00 0.000000000000000000e+00 0.000000000000000000e+00 0.000000000000000000e+00 0.000000000000000000e+00 0.000000000000000000e+00 0.000000000000000000e+00 0.000000000000000000e+00 3.161629819080960611e-03 2.865055704023521371e-03 3.389345123743038157e-03 8.905669151277788645e-03 0.000000000000000000e+00 0.000000000000000000e+00 0.000000000000000000e+00 0.000000000000000000e+00 0.000000000000000000e+00 0.000000000000000000e+00 0.000000000000000000e+00 0.000000000000000000e+00 0.000000000000000000e+00 0.000000000000000000e+00 0.000000000000000000e+00 0.000000000000000000e+00 0.000000000000000000e+00 0.000000000000000000e+00 0.000000000000000000e+00 0.000000000000000000e+00 0.000000000000000000e+00 0.000000000000000000e+00 7.123358922809158722e-02 4.646967872305453051e-01 0.000000000000000000e+00 3.052787960190502317e-02 1.356273942422396017e-01 9.772472269420665048e-02 9.494677842926288469e-02 2.125381930424440763e-02 0.000000000000000000e+00 0.000000000000000000e+00 0.000000000000000000e+00 0.000000000000000000e+00 0.000000000000000000e+00 0.000000000000000000e+00 1.991405272097342832e-02 3.653584594970735872e-02 0.000000000000000000e+00
1.822492787165919679e-03 4.052107259941741847e-03 0.000000000000000000e+00 0.000000000000000000e+00 0.000000000000000000e+00 1.372447577573742685e-03 3.555323745266696978e-04 0.000000000000000000e+00 0.000000000000000000e+00 3.365362848299535692e-01 1.361155389644434300e-03 1.174538019582689052e-01 6.046149337980921907e-04 0.000000000000000000e+00 3.613275985919338785e-04 2.314753667689934957e-01 0.000000000000000000e+00 2.333799076557637187e-01 0.000000000000000000e+00 0.000000000000000000e+00 0.000000000000000000e+00 2.798901689035134411e-03 1.341877193358949512e-02 5.142128506992093206e-04 0.000000000000000000e+00 0.000000000000000000e+00 0.000000000000000000e+00 0.000000000000000000e+00 0.000000000000000000e+00 3.701484664218216781e-04 0.000000000000000000e+00 0.000000000000000000e+00 0.000000000000000000e+00 2.416930310713675534e-01 1.952230204290260618e-01 3.093099757599762634e-03 7.299998734167537778e-03 2.283012775809030795e-03 1.254920856250135199e-02 4.337648480784493752e-04 0.000000000000000000e+00 0.000000000000000000e+00 0.000000000000000000e+00 0.000000000000000000e+00 0.000000000000000000e+00 0.000000000000000000e+00 0.000000000000000000e+00 0.000000000000000000e+00 0.000000000000000000e+00 0.000000000000000000e+00 0.000000000000000000e+00 2.755525611317283675e-03 0.000000000000000000e+00 5.766150672801163141e-04 1.703984695097936425e-03 4.352052261947138984e-02 3.008136316449980599e-02 0.000000000000000000e+00 0.000000000000000000e+00 0.000000000000000000e+00 0.000000000000000000e+00 8.676580589412035815e-04 0.000000000000000000e+00 0.000000000000000000e+00 0.000000000000000000e+00 0.000000000000000000e+00 0.000000000000000000e+00 0.000000000000000000e+00 0.000000000000000000e+00 0.000000000000000000e+00 0.000000000000000000e+00 0.000000000000000000e+00 5.376762656944477324e-03 2.785823009290323560e-01 2.286541870877164748e-02 0.000000000000000000e+00 0.000000000000000000e+00 0.000000000000000000e+00 1.458669345933366612e-02 0.000000000000000000e+00 1.169593294076691214e-01 0.000000000000000000e+00 0.000000000000000000e+00 0.000000000000000000e+00 0.000000000000000000e+00 0.000000000000000000e+00 0.000000000000000000e+00 0.000000000000000000e+00 1.201870167601512725e-02 0.000000000000000000e+00
